0 0.978101 0.966325
1 0.438082 0.99
2 0.646223 1.10807
3 0.900504 1.0296
4 1.24331 1.03005
5 1.32089 1.1545
6 1.06459 1.08122
7 0.788125 1.07328
8 0.62926 1.08779
9 0.883453 1.08765
10 0.733435 1.05031
11 1.17103 1.00933
12 0.689277 0.996713
13 1.0269 1.02116
14 0.702093 0.997722
15 0.799254 1.02106
16 0.449966 0.986859
17 0.807098 1.00535
18 0.68757 1.3197
19 1.24019 1.19478
20 1.19707 1.11842
21 0.711205 0.946774
22 0.785746 1.03225
23 0.679437 1.04459
24 0.983261 1.17048
25 0.495261 0.994643
26 1.45963 1.11936
27 1.33502 1.02281
31 0.592578 1.10185
41 0.86668 1.07946
44 1.7753 1.31142
45 1.78194 1.22279
46 0.665675 0.737676
47 0.863541 0.969532
48 0.315406 0.986793
49 0.399201 1.09024
50 1.0332 1.04591
51 1.32988 1.05723
68 1.03942 0.998408
69 0.864111 1.05942
70 0.0423259 1.02604
71 0.812723 0.996217
72 0.608052 1.08493
73 0.730348 1.0108
74 1.0896 1.04664
75 1.29436 1.0568
92 0.903803 1.02715
93 1.07498 1.08484
94 0.991209 1.0364
95 1.08951 0.975646
96 1.02407 0.988686
97 0.873615 1.14296
98 1.27385 1.12581
99 1.38541 1.17669
102 0.873416 1.07996
112 0.552201 0.967491
116 1.73381 1.14286
117 1.60568 1.01307
118 0.857734 1.03218
119 0.887283 1.01888
120 1.35138 1.07359
121 1.67716 1.07574
122 1.26076 1.01244
123 1.90662 1.00535
124 1.28535 1.07092
125 0.71382 1.01894
126 0.825013 1.09233
127 0.930765 0.992028
128 1.16954 1.11961
129 0.581418 1.0406
130 1.25634 1.06064
131 0.723019 1.07556
132 1.18756 1.05445
133 0.729919 1.06991
134 1.00527 1.1033
135 0.584896 1.1077
136 1.04812 0.928745
137 0.700057 0.992892
138 1.32255 1.03461
139 0.802239 1.08263
140 0.869872 1.05512
141 1.06383 1.10147
142 1.06059 1.06169
143 1.09159 1.0697
144 1.82387 1.12288
145 0.700358 0.982338
146 1.46144 1.02221
147 1.06845 1.05283
148 1.849 1.04102
149 1.9389 1.04043
150 1.4364 1.01821
151 1.53336 1.10086
152 1.59655 1.10049
153 1.46974 1.26278
154 2.01724 1.02862
155 1.98217 1.18644
156 1.6084 1.013
157 1.71687 1.32544
158 1.89483 1.03234
159 1.63168 1.30022
160 1.82472 0.940135
161 1.54224 1.05149
162 1.67678 1.07933
163 1.7464 0.989094
164 1.29421 0.897912
165 0.175211 1.02236
166 1.06364 1.04986
167 0.640084 1.06975
168 1.4505 1.11553
169 2.27322 1.10745
170 2.176 1.06669
171 2.24279 0.993045
172 1.22843 1.05989
173 1.50989 1.05799
174 1.1453 1.08632
175 0.686297 1.03619
177 1.36052 1.16091
179 1.19191 0.987903
181 1.3359 1.0595
183 1.70485 1.14041
184 1.63705 1.01516
185 1.08289 1.06549
186 0.862274 1.04669
187 1.41596 0.90249
188 1.69283 1.08532
189 1.70322 1.15418
190 1.82047 1.01417
191 1.52123 1.00916
192 1.10978 1.04184
193 1.21228 1.05434
194 0.751865 1.08003
195 1.21411 0.959143
198 0.544888 1.06318
199 1.14522 1.06038
208 0.874348 1.14757
209 1.1133 1.0499
212 1.10735 1.14008
213 1.68445 1.1192
214 1.5652 1.09358
215 1.61849 1.08748
216 1.02856 1.10118
217 0.915823 1.08186
218 1.08795 1.01666
219 0.942376 1.21768
222 0.899615 1.09659
223 0.813691 1.13726
232 0.868912 1.04441
233 0.80085 1.19739
236 1.64296 1.08597
237 1.21493 1.00674
238 1.66535 1.06262
239 1.51962 1.0027
240 1.94626 1.12164
241 1.42678 1.07351
242 2.23768 1.01386
243 1.49526 1.05537
244 1.64929 1.18303
245 1.76342 1.01692
246 1.44025 0.995041
247 1.31907 0.959152
248 1.71903 1.1356
250 1.09336 1.10022
252 1.5427 1.01337
254 1.28163 1.06786
256 0.722254 1.05895
257 1.44155 1.22189
258 1.04113 1.02207
259 1.35118 1.12949
260 1.47902 1.09244
261 1.83266 1.13967
262 1.46548 1.02369
263 1.64497 1.01446
264 1.74084 1.10435
265 0.515762 1.15795
266 1.09366 1.17923
267 1.36007 1.03221
268 1.72764 1.01633
269 1.7256 0.996087
270 1.57842 0.944306
271 0.818592 1.11836
272 1.86445 1.25782
273 2.28235 1.11831
274 1.76411 1.05862
275 1.48756 0.995715
276 2.46788 1.06563
277 1.7428 1.20275
278 1.78787 1.14714
279 1.53059 1.06217
280 1.2721 1.06375
281 1.36127 1.04675
282 2.06562 1.05501
283 2.03408 1.09467
284 1.11442 1.02798
285 1.53898 1.07852
286 0.611943 1.0234
287 0.740685 1.15784
288 1.77376 1.03599
289 2.02252 1.09689
290 1.48327 1.12853
291 1.85114 1.03553
292 0.919668 1.07066
293 1.37005 1.10651
294 1.14079 1.04955
295 1.89512 1.12411
296 0.849747 1.03652
297 1.08464 1.08782
298 0.830091 1.03906
299 0.874572 0.998151
300 0.764284 0.995807
301 1.2599 1.04968
302 0.777791 1.05959
303 1.25594 1.08766
304 0.901035 1.02593
305 0.864567 1.04516
306 0.891311 1.03654
307 0.959867 0.97159
308 1.17246 1.11291
309 0.934204 1.00858
310 1.83373 1.07201
311 1.68808 1.064
312 0.841092 1.08164
313 0.978389 1.04605
314 1.43664 1.22432
315 1.43427 1.20854
316 1.22303 1.23323
317 0.696874 1.00432
318 0.76326 1.00343
319 0.799759 0.949974
321 0.950196 0.997058
323 1.1494 1.06119
325 1.20367 1.08568
327 0.65916 1.0529
328 0.97544 1.06808
329 1.06052 1.0434
330 1.14881 0.942171
331 0.914901 1.0449
332 1.07786 1.09431
333 1.40825 1.18649
334 1.00724 1.06568
335 1.16104 1.04315
336 0.84977 1.01827
337 0.822544 1.02251
338 0.989226 1.02162
339 1.09168 1.04457
342 1.43817 0.974972
343 1.02652 1.00658
352 0.887235 0.88161
353 1.04428 1.01159
356 1.1974 1.04423
357 0.891385 0.981537
358 1.06163 1.01858
359 0.960348 1.02885
360 0.881919 1.05389
361 0.912455 1.00705
362 1.19866 0.986995
363 1.09856 1.06037
366 0.996023 1.01011
367 0.820296 0.877806
376 1.16499 1.04714
377 0.897434 0.856425
380 0.912111 0.990268
381 1.1366 1.05058
382 0.887851 1.01252
383 1.17286 1.0521
384 1.23198 1.13306
385 0.75534 1.05901
386 1.57211 1.29209
387 1.22495 1.17549
388 0.757901 1.02255
389 1.21845 1.15422
390 0.886544 1.07096
391 0.77841 0.963039
392 0.873746 1.53114
394 0.985603 1.04278
396 0.996827 1.03825
398 0.491023 0.777244
400 0.93098 1.01629
401 0.931327 1.0207
402 0.892089 0.971897
403 1.07441 1.10228
404 1.71249 1.0669
405 0.98415 1.10637
406 1.00453 1.06769
407 1.04378 1.035
408 1.76658 1.16041
409 2.00998 1.10975
410 1.75876 1.25158
411 2.29372 1.23159
412 1.21047 0.509083
413 0.793413 1.71909
414 1.51835 1.429
415 0.852845 0.964625
416 1.31247 1.21806
417 0.770825 0.895897
418 1.26814 0.952774
419 0.694391 0.799292
420 1.4323 1.01481
421 0.814399 0.990628
422 1.06212 1.44442
423 0.906359 1.07873
424 1.08542 1.09805
425 0.924062 1.02864
426 1.45845 1.31322
427 0.858102 0.97438
428 1.21272 1.0536
429 1.82214 1.05236
430 1.35634 1.1226
431 1.73435 0.99314
432 1.32008 1.17547
433 0.978221 0.976437
434 1.72086 0.982818
435 1.36002 1.17814
436 1.11622 2.46626
437 2.19098 1.82504
438 2.00317 1.04007
439 0.208295 1.38611
440 2.06743 1.47328
441 3.03411 1.7158
442 1.25883 0.962879
443 1.68204 0.945594
444 1.66075 1.02736
445 2.3756 1.38521
446 1.07739 1.05996
447 2.09642 1.95074
448 1.21929 1.09745
449 1.00373 1.10127
450 1.1535 1.35502
451 2.22275 1.20175
452 1.16871 1.00029
453 1.38476 1.12733
454 1.61672 1.23997
455 0.897662 1.01436
456 1 1
457 1 1
458 1.07552 1.05463
459 1.10088 1.02607
460 1.14279 1.15972
462 1 1
463 1.09926 0.949925
465 0.793821 1.1033
467 1.40024 0.750879
469 1.26886 1.31325
471 1.09595 1.38059
472 1.27296 1.04892
473 0.996712 0.918944
474 1.01852 1.04504
476 2.36397 1.10265
477 1.67796 1.09587
478 1.52984 1.01017
479 1.75748 0.99275
480 1 1
481 1 1
482 1.15282 1.05233
483 0.975426 1.03399
486 1 1
487 1 1
496 1.02381 0.98975
497 0.9617 0.887185
500 1.29034 1.19302
501 1.73097 1.06707
502 1.14157 1.06449
503 1.4889 0.968617
504 1 1
505 1 1
506 1.09318 1.04187
507 1.16112 1.1668
510 1 1
511 1 1
520 1.06508 1.03553
521 1.47161 0.939066
524 2.00763 1.18499
525 1.5606 1.15823
526 1.33614 1.02649
527 1.54625 1.08015
528 1 1
529 1 1
530 1.32909 1.0578
531 1.08326 1.0562
533 1.16258 1.07574
534 1.10526 0.959573
535 1 1
536 1.091 1.00952
538 1.77913 0.902179
540 1.11518 1.21197
542 0.903678 1.11049
544 0.796228 0.969275
545 1.21604 0.992017
547 0.848315 0.932324
548 1.38654 1.11295
549 1.46152 1.1039
550 1.12149 0.962363
551 1.56931 1.04764
552 1.57557 0.989407
553 1.12067 1.15565
554 1.72664 1.05266
555 1.86243 1.01031
556 1.29148 1.04737
557 1.65991 1.15714
558 1.33292 1.0067
559 1.4976 1.09561
560 1.9147 1.23833
561 1.66919 1.01473
562 1.43297 1.08224
563 1.37215 0.917932
564 2.36377 1.1118
565 1.53691 1.04986
566 2.33474 1.2718
567 1.81923 1.02789
568 1.05234 1.08763
569 1.35044 1.18006
570 1.54143 1.0553
571 0.844917 0.987671
572 1.5446 1.19478
573 1.66357 1.08573
574 0.924465 1.03142
575 1.3074 1.19981
